001701 455 436 479 476
001701 595 518 646 570
001701 645 582 694 657
001701 949 728 1044 815
001701 1178 779 1283 849
001701 1370 806 1479 871
001701 2386 838 2515 895
001701 2791 717 2906 790
001701 2952 676 3047 733
001701 3121 587 3183 647
001701 3294 567 3358 609
001801 279 233 311 255
001801 3773 241 3802 257
002041 3135 520 3200 565
002041 3671 311 3715 333
002041 4529 307 4572 328
003881 50 441 115 477
003881 5188 331 5222 355
003881 5314 327 5353 355
003881 6782 321 6840 350
003881 7246 337 7295 377
003881 7061 249 7093 267
000821 638 405 693 445
000821 19 247 58 272
000821 2007 256 2043 276
000821 197 160 231 177
001061 1488 369 1541 391
001061 1683 385 1741 415
001061 370 183 419 206
001061 5038 588 5112 656
001061 4697 516 4739 562
001061 7919 205 7955 221
000621 42 250 84 270
000621 1509 342 1544 372
000621 3141 332 3174 357
000621 7538 430 7610 468
000701 1334 317 1369 351
000701 2497 447 2554 490
000701 2661 437 2714 467
000701 2841 436 2874 470
000701 7155 511 7212 559
001661 647 353 710 391
001661 1490 263 1523 292
001661 1593 282 1629 308
001661 1685 545 1763 600
001661 1275 500 1333 533
001661 2589 573 2671 621
001661 6932 445 6999 484
002161 154 221 196 240
002161 3851 263 3890 284
002161 4193 241 4228 260
001381 5989 400 6085 441
001381 4355 200 4394 219
001381 7111 503 7172 551
001141 4659 251 4692 271
001141 5389 331 5424 355
001141 6065 328 6105 355
001141 5620 446 5658 486
001141 5303 316 5335 338
002961 1188 426 1226 458
002961 976 546 1039 595
002961 77 331 136 356
002961 1988 371 2029 395
002961 3798 274 3833 293
002961 4414 304 4446 333
002961 4310 205 4349 222
002961 4427 263 4451 283
002961 7436 335 7471 360
001301 106 191 140 212
001301 1430 285 1465 308
001301 911 226 945 243
001301 3047 324 3092 351
001301 6440 679 6538 723
001261 45 336 99 363
001261 5478 472 5532 527
001261 4466 272 4541 288
001261 4475 299 4521 319
001261 4674 342 4731 374
001261 7066 396 7110 445
002361 1452 608 1529 656
002361 834 378 881 433
002361 1650 703 1731 755
002361 2561 603 2666 645
002361 3001 509 3078 550
002361 3174 475 3236 513
002361 5402 741 5485 795
002361 5192 599 5258 658
002361 4985 576 5031 616
002361 5671 721 5756 780
002361 8107 490 8175 535
002361 7478 446 7506 477
001781 306 244 351 264
001781 147 133 182 149
001781 1376 528 1449 579
001781 1661 579 1749 629
001781 1988 576 2044 629
001781 2431 585 2509 627
001781 3592 474 3670 517
001781 5120 717 5202 772
001781 5244 802 5340 880
001781 5778 858 5887 925
001781 5978 883 6112 951
001781 7149 776 7260 890
001781 8056 179 8100 196
002841 1564 670 1676 728
002841 1009 682 1143 749
002841 221 213 263 242
002841 3505 617 3574 683
002841 2329 428 2359 472
002841 3729 421 3786 452
002841 5167 431 5209 463
002841 4569 356 4614 381
002841 6404 1001 6558 1060
002841 6653 919 6790 995
002841 6838 869 6982 955
002841 7048 815 7177 900
002841 7102 713 7213 775
003801 7758 393 7816 425
003421 2341 553 2420 603
003421 2906 546 2966 591
003421 3210 438 3259 485
003421 5270 471 5336 512
003421 5451 390 5508 429
003421 4866 253 4907 269
003421 7827 221 7868 245
003001 2 260 24 280
003001 1989 463 2046 496
003001 3007 404 3052 424
003001 3464 417 3511 445
003001 7915 222 7947 242
003001 8171 260 8191 281
002201 766 588 838 626
002201 3567 431 3620 474
002201 8138 315 8188 336
000541 2562 319 2604 345
000541 2670 331 2717 355
000541 6049 336 6090 361
000541 7707 313 7743 333
002441 863 211 897 227
002441 4530 291 4575 318
002441 5587 577 5645 621
002441 4950 412 4989 446
002441 6540 369 6592 396
002441 6662 354 6707 386
002981 981 412 1033 452
002981 1525 385 1570 431
002981 3 384 70 419
002981 2954 372 3000 405
002981 2805 396 2850 427
002981 4353 466 4404 493
002981 6362 725 6412 789
002981 7882 200 7919 219
002981 6729 330 6773 353
002981 6303 331 6350 356
000421 561 292 608 317
000421 1041 536 1104 585
000421 1528 577 1603 631
000421 1956 532 2026 572
000421 2954 606 3035 661
000421 2640 755 2736 820
000421 3400 496 3454 546
000421 3254 535 3311 581
000421 6773 347 6817 375
000141 4633 306 4682 330
001521 3291 458 3342 497
001521 7847 386 7901 412
001521 6896 486 6942 536
001401 3497 339 3536 366
001401 3880 276 3915 303
001401 6938 487 7040 534
000301 751 286 788 302
000301 2351 851 2477 914
000301 3975 322 4013 343
002681 405 271 453 294
002681 640 248 670 266
002681 4043 231 4073 248
002681 4863 335 4919 365
002681 5583 413 5628 440
002681 5709 404 5761 435
002681 5829 427 5901 467
002681 5983 438 6055 470
002681 5012 332 5054 355
002681 4942 331 4981 354
002681 4731 246 4762 272
002681 4449 235 4481 251
002681 6447 417 6493 443
002681 6567 391 6621 418
002681 7460 453 7539 488
000021 2718 376 2752 413
000021 3306 342 3355 366
000021 2253 368 2310 394
000021 2406 376 2450 401
000021 3202 295 3244 318
000021 5022 306 5063 335
000021 5587 686 5718 799
000021 8070 305 8116 328
000021 7776 196 7803 213
003581 5405 237 5448 256
000381 3 254 38 273
000381 1144 380 1184 402
000381 2222 372 2276 394
000381 3633 357 3678 384
000381 5101 704 5185 779
000381 4969 611 5048 686
000381 4871 577 4915 613
000381 5632 511 5667 541
000381 5816 542 5902 594
000381 7902 200 7933 216
003661 2 223 26 242
003661 6967 237 7010 266
002601 3516 281 3555 304
002761 3049 865 3152 948
002761 5388 717 5465 802
002761 4593 390 4648 425
002761 7806 277 7845 298
000221 1902 605 1986 655
000221 1735 602 1819 652
000221 2066 658 2149 710
000221 2314 608 2392 656
000221 2541 580 2634 641
000221 2749 555 2812 602
000221 2854 532 2917 586
000221 3001 533 3060 587
000221 3170 468 3215 511
000221 3210 447 3257 477
000221 3297 435 3344 475
000221 3362 403 3399 435
000221 3381 383 3414 416
000221 4683 371 4739 407
000221 5444 572 5550 652
000221 6702 743 6826 805
000221 6942 664 7035 724
000221 7039 604 7118 658
000221 7192 591 7264 663
000221 7302 521 7369 566
000221 7374 504 7433 550
000781 780 191 812 210
000781 208 197 240 213
000781 7934 260 7969 279
000781 7316 278 7353 300
000781 6876 297 6915 313
000941 896 445 941 473
000941 1364 341 1398 362
000941 2681 411 2746 446
000941 3241 508 3297 540
000941 3885 275 3923 291
000941 5102 652 5227 737
000941 4485 340 4554 374
000941 7413 545 7486 596
001881 346 568 427 628
001881 7536 326 7582 350
000721 381 180 416 198
000721 5909 307 5943 332
000721 6068 373 6104 402
000721 7460 496 7530 541
000721 7176 473 7226 510
002281 3638 314 3684 340
002281 4436 238 4475 257
002281 4705 344 4757 369
002281 5394 595 5457 650
002281 7121 478 7180 523
002281 7873 178 7910 194
001641 232 256 263 274
001641 335 358 382 388
001641 1198 490 1261 529
001641 830 375 872 400
001641 2210 633 2282 695
001641 2425 593 2486 655
001641 5676 690 5754 742
001641 6708 641 6805 679
001641 7435 421 7481 453
003681 6 187 40 203
003681 1496 358 1531 398
000681 1152 295 1183 321
000681 1082 433 1119 466
000681 251 171 279 187
000681 4650 327 4699 355
000921 2465 448 2525 477
000921 5007 487 5069 537
000921 4563 302 4603 327
000921 4349 211 4383 230
000921 7025 552 7110 597
000921 7426 380 7493 427
000921 7627 313 7671 352
001721 733 242 767 263
001721 514 185 550 201
001721 2274 288 2319 311
001721 3309 306 3341 326
001721 5713 381 5743 418
001821 5523 800 5620 852
001821 5303 788 5390 840
001821 4767 515 4808 545
001821 6903 776 7000 868
001821 6345 1080 6425 1202
000601 175 385 234 414
000601 284 161 319 177
000601 5535 782 5644 855
000601 5333 811 5422 863
000601 5164 772 5248 823
000601 5035 691 5115 756
000601 4894 621 4957 682
000601 4810 590 4864 636
000601 6932 696 7026 777
000601 6790 812 6908 903
000601 6401 863 6518 930
001241 5354 415 5418 476
001241 4944 328 4998 371
001241 4302 308 4364 340
001241 6948 398 7000 444
001241 7057 364 7109 396
001241 7134 339 7169 363
002021 5964 786 6053 835
002021 5695 790 5800 850
002021 5468 697 5555 751
002021 5249 656 5327 720
002021 5150 607 5212 648
002021 4975 566 5020 600
002021 4845 506 4884 540
002021 6465 720 6565 788
002021 6997 626 7075 688
002021 7166 538 7232 590
002101 424 293 473 321
002101 1949 463 2002 496
002101 3348 406 3398 435
002101 3776 276 3818 295
002101 4429 354 4457 390
002101 4583 422 4629 455
002101 4744 506 4797 546
002101 7139 613 7211 656
002101 7616 441 7693 481
001001 5595 322 5624 342
001001 6017 326 6049 345
001001 6298 228 6343 244
002901 688 315 715 338
002901 4739 661 4795 729
002901 5101 756 5197 842
002901 5343 816 5435 890
002901 5608 835 5718 908
002901 5837 841 5979 914
002901 6729 738 6813 833
002901 7739 211 7896 249
002901 7872 269 7925 291
002901 7689 371 7726 395
001321 507 439 576 480
001321 1 467 65 508
001321 3708 445 3757 471
001321 3935 412 3985 443
001321 3741 215 3884 260
001321 3799 294 3839 314
001321 4597 405 4681 443
001321 4471 600 4555 641
001321 4278 406 4329 433
001321 4097 296 4139 320
001321 4215 197 4269 222
001081 314 265 355 288
001081 2535 336 2571 362
001081 4205 370 4249 396
001081 7577 687 7688 747
002341 4395 299 4477 323
002341 6759 685 6839 765
003901 1253 316 1285 344
003901 76 177 102 193
003901 5349 652 5413 710
003861 8163 301 8191 322
001121 3261 439 3315 477
001121 4932 454 4974 489
001121 4896 454 4931 494
001121 4838 439 4877 475
001121 6678 431 6741 465
001121 6884 669 6986 746
001121 7188 569 7251 643
001121 7257 525 7315 577
001121 7395 481 7447 534
001121 7495 473 7548 517
001121 7552 442 7613 475
001121 7616 408 7685 450
001121 7723 357 7767 388
001121 7013 296 7102 329
001121 7314 345 7356 372
001121 7509 258 7558 286
001481 2972 498 3039 550
001481 2723 410 2763 444
001481 4796 303 4843 336
001921 2076 340 2112 361
001921 6008 548 6090 597
001921 6222 587 6302 645
001921 6568 535 6636 580
002301 295 129 353 146
002301 305 146 337 162
002301 435 250 464 268
002301 3041 288 3083 308
002301 5079 428 5122 461
002301 6824 531 6863 591
002821 283 334 328 361
002821 397 447 448 488
002821 484 446 533 489
002821 987 373 1038 402
002821 2300 370 2344 402
002821 5874 360 5926 388
002821 6376 551 6461 617
002821 6350 1060 6508 1173
002821 7971 250 8007 268
000521 3158 683 3228 729
000521 3037 696 3113 744
000521 5138 557 5221 620
000521 7365 511 7430 551
000521 7574 369 7638 399
002881 745 399 806 437
002881 2878 367 2921 393
002881 3599 402 3660 442
002881 2050 251 2111 278
002881 2468 195 2576 222
002881 3864 327 3896 349
002881 4833 496 4908 539
002881 6198 325 6253 349
002881 7365 470 7437 521
001421 567 283 597 306
001421 1847 531 1915 579
001421 4915 244 4950 262
001421 4137 292 4161 308
001421 7664 429 7753 472
001421 7726 214 7767 242
001981 346 311 391 338
001981 693 706 768 775
001981 1064 1137 1228 1205
001981 1571 1152 1744 1206
001981 1859 1068 2023 1141
001981 2556 900 2631 1017
001981 5788 1048 5925 1125
001981 4528 350 4578 377
001981 5745 545 5803 581
001981 7187 881 7297 978
001981 6986 1001 7135 1108
001981 6222 1155 6416 1205
001981 7842 256 7887 278
000321 977 492 1045 540
000321 3257 484 3323 528
000321 2707 715 2818 774
000321 5019 639 5147 709
000321 6151 1014 6210 1071
000321 6435 810 6547 899
000321 6741 797 6850 881
000321 7015 819 7113 902
000321 7175 661 7251 739
000321 7277 588 7344 635
001581 32 239 68 257
001581 545 175 579 192
001581 1559 317 1608 352
001581 2611 374 2666 399
001581 2689 368 2734 397
001581 2852 427 2888 460
001581 3585 244 3615 260
001581 3863 221 3901 238
000281 581 245 631 268
000281 3293 456 3346 491
000281 4327 345 4360 364
000281 4267 234 4304 252
000281 5649 376 5704 400
000281 6414 239 6455 260
002221 428 231 471 249
002221 115 104 173 120
001501 65 325 111 352
001501 149 113 201 129
001501 3841 220 3882 240
001501 4976 680 5073 746
001501 4521 368 4583 406
001501 4239 367 4289 395
001501 4417 298 4454 326
001501 5589 331 5635 365
001501 5799 353 5841 386
001501 5890 342 5934 379
001501 6106 361 6141 387
001501 7570 562 7663 618
002741 351 418 399 450
002741 5262 758 5344 826
002741 5588 640 5635 695
002741 4488 390 4529 420
002741 6493 496 6557 543
002741 6178 513 6246 561
000201 307 242 349 268
000201 4408 436 4460 466
000201 4189 241 4229 263
000201 4304 335 4344 355
000201 8073 318 8144 353
002501 7 351 59 377
002501 1610 585 1680 627
000441 643 398 678 441
000441 919 432 963 480
000441 849 405 892 443
000441 3245 488 3297 538
000441 3066 561 3120 615
000441 3360 462 3401 502
000441 4924 657 5003 735
000441 4643 513 4725 551
000441 5971 962 6139 1085
000441 5741 578 5824 623
000441 7643 445 7694 487
000441 7699 431 7750 482
000441 7759 368 7807 415
000441 8064 175 8095 195
002581 7959 135 7991 156
002621 155 160 191 176
002621 5774 377 5815 395
002621 5165 361 5200 381
002621 8010 216 8062 232
000121 3100 330 3140 361
000121 6605 822 6680 937
000121 6811 460 6866 503
000121 7385 305 7428 330
000121 8108 202 8140 220
000041 1217 351 1269 390
000041 5041 438 5080 470
000041 4635 244 4684 266
000041 4126 305 4182 328
000041 8021 473 8097 507
000041 7226 383 7258 410
003061 97 523 176 558
003061 4145 281 4187 302
003061 5669 458 5740 487
000841 821 561 896 618
000841 3346 549 3428 609
000841 6152 480 6213 527
003521 74 494 152 534
003521 2668 706 2765 791
003521 3272 256 3437 289
003521 3390 314 3439 331
003521 3592 234 3651 265
003521 3730 371 3812 399
003281 5 162 35 178
003281 4407 325 4440 347
003721 1921 551 1991 642
001621 1593 255 1629 278
001621 2145 278 2189 299
001621 4053 351 4092 378
001621 6778 290 6826 316
002121 3062 906 3197 1004
002121 3297 720 3362 813
001021 3404 707 3516 791
003541 2 314 31 335
001841 813 337 851 366
001841 7157 763 7290 847
001841 6611 677 6693 738
001841 6827 680 6903 742
002081 989 566 1052 612
002081 739 400 784 451
002081 2610 928 2732 1011
002081 2894 573 2951 622
002081 3261 668 3334 747
002081 3385 642 3445 705
002081 3417 596 3461 640
002081 4947 493 5025 536
002081 5130 411 5184 440
002081 5882 480 5938 509
002081 5990 639 6064 676
002081 6652 560 6731 601
002081 7159 499 7226 538
002081 7557 375 7607 406
001181 13 217 59 239
001181 441 184 480 203
001181 1536 293 1570 316
001181 3267 330 3306 354
001181 5275 338 5308 369
001181 7098 346 7135 376
001181 6649 417 6708 454
001181 6768 389 6821 422
001181 6957 323 7006 350
001181 6849 340 6896 368
001181 7822 285 7869 307
001181 6485 430 6537 461
002001 838 600 909 650
002001 1048 697 1108 760
002001 5242 558 5323 620
002001 4439 348 4494 378
002001 5370 985 5493 1053
003841 5029 705 5127 763
003841 8101 287 8150 311
000741 1774 412 1827 445
000741 1621 432 1667 465
000741 1918 302 1954 322
000741 1783 295 1817 317
000741 1707 296 1743 318
000741 4733 360 4787 391
000741 5753 446 5804 476
000741 5899 448 5950 480
000741 5669 420 5718 447
000741 7370 470 7428 512
001101 1373 328 1418 360
001101 2812 693 2896 767
001101 5994 392 6044 438
001101 7027 367 7078 408
001101 7583 403 7640 433
001101 8093 373 8147 400
000661 977 282 1022 306
000661 1287 294 1308 326
000661 739 219 774 235
000661 2607 301 2659 322
000661 2915 263 2960 284
000661 6418 601 6471 667
000981 944 207 982 232
000981 1512 275 1557 307
000981 634 142 707 169
000981 644 175 694 191
000981 4317 197 4381 213
000981 4787 292 4840 325
000981 4919 317 4975 354
001741 559 156 597 172
001741 400 277 430 298
001741 3 174 22 190
001741 3096 380 3134 406
001741 3423 302 3449 318
001741 4512 301 4545 320
001741 6718 681 6813 746
001741 7216 532 7280 592
003921 669 561 758 602
003921 333 238 374 254
003921 5807 385 5853 412
003921 5902 407 5954 445
003921 5998 393 6050 433
003921 5170 340 5214 366
003921 6261 387 6312 410
003921 6369 397 6430 428
003921 6581 396 6627 426
003921 6649 358 6706 391
003921 7017 306 7061 333
003921 7749 199 7789 215
003921 6261 387 6312 410
003921 6369 397 6430 428
003921 6581 396 6627 426
003921 6649 358 6706 391
003921 7017 306 7061 333
003921 7749 199 7789 215
001221 1072 252 1102 277
001221 22 191 53 207
001221 4188 311 4219 331
002921 4028 301 4068 326
002921 4738 317 4858 352
002921 7668 315 7717 342
001341 29 160 59 176
001341 5317 589 5386 646
001341 5903 839 5977 941
003321 5813 518 5887 561
003321 5238 813 5324 888
002801 1730 318 1785 341
002801 1302 216 1349 236
002801 3977 353 4012 378
002801 3386 492 3429 542
002801 5997 811 6117 881
002801 5558 789 5662 843
002801 5255 508 5340 555
002801 6945 428 7013 471
002801 6647 701 6705 787
002801 6803 635 6851 701
002801 7512 257 7547 280
001901 383 237 417 257
001901 2394 532 2454 568
001901 4922 650 5000 702
001901 4618 541 4673 578
001901 7387 378 7436 411
000341 3119 483 3178 529
000341 4771 609 4836 660
003601 472 318 512 341
003381 4660 325 4702 355
003381 7707 239 7735 255
000181 3912 187 3944 203
000181 5815 195 5847 211
000501 997 435 1062 479
000501 2952 659 3036 735
000501 3272 505 3325 575
000501 4434 400 4489 427
000501 4643 417 4708 447
000501 4606 355 4746 403
000501 5592 745 5724 850
003021 1976 229 2008 245
003021 6084 275 6137 300
003021 7373 467 7431 502
003021 6603 798 6711 871
003021 8105 375 8153 398
002481 4374 365 4411 386
002481 7968 293 8009 318
001961 2211 762 2319 845
001961 3369 491 3422 523
001961 5939 531 6022 570
001961 4538 378 4584 406
001961 7445 396 7496 431
001961 7287 442 7327 491
001961 6647 350 6685 370
000581 1169 916 1304 1014
000581 5083 658 5187 735
000581 5424 764 5505 873
000581 6075 874 6140 954
001441 354 158 400 174
001441 5078 509 5143 559
001441 7449 353 7505 381
000061 8012 336 8065 365
000061 7769 179 7798 195
000461 1556 786 1652 844
000461 1986 784 2048 835
000461 1022 537 1064 573
000461 2979 609 3079 661
000461 2049 778 2093 829
000461 4592 609 4663 655
000461 4970 738 5067 818
000461 7279 754 7369 830
000461 6292 292 6331 313
000461 7623 453 7687 500
001561 615 187 653 208
001561 3800 259 3835 276
001561 5572 463 5625 518
001561 6930 500 7010 557
001561 7050 445 7114 492
001561 7155 417 7210 458
001561 7290 362 7331 400
001561 8116 217 8148 236
002241 2747 357 2789 385
002241 3735 287 3778 304
002241 4805 372 4856 409
002721 887 301 926 325
002721 1083 425 1127 460
002721 2926 441 2970 481
002721 3000 575 3062 627
002721 3604 292 3646 313
002721 5317 597 5387 647
002721 7337 590 7411 660
002721 7451 545 7506 606
002721 7505 496 7567 550
000261 242 219 282 237
000261 1859 440 1923 484
000261 2312 473 2380 506
000261 2049 482 2083 535
000261 2880 416 2937 454
000261 4690 454 4785 499
000261 7285 317 7335 347
003621 4643 311 4690 338
003621 4514 288 4547 308
003621 6731 365 6796 409
002461 334 217 369 243
002461 383 221 423 254
002461 795 254 837 282
002461 907 251 943 279
002461 986 265 1027 293
002461 1441 273 1474 290
002461 1320 269 1357 289
002461 1268 273 1306 291
002461 1073 281 1109 300
002461 1173 274 1205 293
002461 4254 465 4306 496
002461 5705 572 5787 619
002461 7173 200 7201 216
000101 882 217 913 237
000101 47 342 101 368
000101 2960 326 2994 352
000101 3346 289 3371 305
000101 5459 499 5550 579
000101 4522 267 4574 289
000101 6976 530 7035 586
000901 839 382 917 424
000901 499 237 538 263
000901 437 215 473 236
000901 2917 806 3022 903
000901 4524 353 4574 385
000901 4263 246 4300 262
000901 5947 353 6014 391
000901 7528 357 7583 384
003701 1002 485 1066 535
003701 397 271 441 295
003701 3534 434 3585 464
002641 6239 596 6317 631
000861 3307 492 3366 535
000861 3184 448 3234 480
000861 3007 342 3042 361
000861 3097 336 3135 362
000861 5052 546 5113 586
000861 4829 433 4877 463
000861 4719 368 4760 393
000861 7184 561 7263 623
000861 7083 192 7123 208
001041 340 483 421 523
001041 5416 673 5548 759
001041 6805 831 6897 926
002321 5136 660 5214 723
002321 4957 567 5022 625
002321 4737 500 4780 545
002321 6549 746 6650 796
002321 6789 674 6887 729
002421 323 354 373 382
002421 529 651 592 728
002421 3909 258 3938 277
002421 4780 676 4833 755
002421 4850 698 4901 781
002421 6621 521 6731 572
000641 471 201 498 218
000641 5156 629 5281 703
000641 4446 265 4497 286
000641 7447 536 7528 582
001281 731 402 784 436
001281 353 228 388 247
001281 1166 381 1203 413
001281 1848 322 1886 342
001281 3465 406 3524 440
001281 6573 403 6626 435
001281 6668 396 6723 426
001281 6753 392 6803 420
001281 6843 367 6890 390
001281 6935 365 6980 395
001601 1542 376 1577 415
001601 6 307 53 332
001601 797 233 839 258
001601 3771 298 3812 316
001601 3135 298 3164 321
001601 2889 357 2930 377
001601 2921 342 2954 367
001601 2104 400 2152 432
001601 4214 285 4264 306
001601 5713 363 5752 390
001601 6971 715 7055 807
001601 7885 231 7919 248
000801 1008 243 1066 263
000801 1011 271 1049 287
000801 3611 260 3646 281
000801 5181 432 5257 492
000801 4643 299 4687 326
001681 127 200 160 220
002141 144 199 180 219
002141 3143 476 3210 527
002141 4668 444 4706 497
002141 5358 771 5476 840
002141 4355 212 4405 255
002141 6558 700 6649 750
002141 7090 535 7170 581
002141 7865 287 7914 308
002141 6145 750 6222 800
001361 4227 194 4260 216
001361 5356 303 5388 329
001361 5762 339 5800 358
001361 5888 346 5925 365
001361 6089 326 6123 350
001361 6958 310 6991 336
001361 6241 326 6281 348
000881 2824 829 2925 917
000881 3511 444 3579 486
000881 5332 772 5412 863
000881 7548 426 7608 463
000881 7329 372 7374 401
000881 7375 362 7417 391
001761 821 403 875 429
001761 1355 627 1429 687
001761 1593 664 1683 718
001761 2163 789 2294 841
001761 2537 472 2599 510
001761 4733 466 4808 507
001761 4872 528 4915 569
001761 4260 192 4301 210
001761 7375 434 7440 474
002061 1693 331 1743 360
002061 3131 345 3174 371
002061 2810 327 2844 351
002061 4955 382 5005 420
002061 4578 267 4618 291
002061 7438 390 7486 422
000761 3554 385 3601 412
000761 3029 367 3062 396
000761 4859 384 4924 417
002861 642 346 682 380
002861 293 238 334 257
002861 1783 333 1836 360
002861 2259 253 2291 273
002861 4678 490 4719 539
002861 4711 406 4736 435
002861 4681 276 4713 292
002861 6798 774 6934 845
002861 7274 582 7340 629
002861 7014 425 7071 454
003821 443 250 482 270
003821 4495 330 4535 355
003821 5148 337 5185 358
002521 262 177 302 193
002521 3020 468 3076 497
002521 3110 428 3162 457
002521 4122 289 4152 305
002521 5314 352 5373 387
002521 4804 321 4844 352
002521 5989 210 6029 229
002521 5793 209 5832 228
002521 6184 400 6263 437
002521 7077 328 7147 366
002521 7638 422 7677 467
002521 6350 203 6386 223
002521 6535 193 6569 210
002521 6700 181 6732 197
002521 7718 387 7746 412
001161 619 278 653 301
001161 2700 466 2755 517
001161 5118 388 5172 423
001161 4127 241 4169 264
001161 6815 689 6939 786
001201 2170 233 2204 253
001201 4158 282 4198 306
001201 5760 280 5794 303
001201 6679 548 6757 597
001201 6792 502 6865 548
001201 6917 506 6975 542
001201 6976 462 7031 498
001201 7086 455 7146 492
001201 7169 408 7230 462
001201 7310 382 7362 414
001201 6292 313 6339 335
001201 7358 365 7398 383
001201 7407 356 7441 394
001201 7452 343 7487 373
001201 6540 271 6572 288
001201 6648 297 6678 330
002941 2956 500 3189 649
002941 3191 706 3295 773
002941 4898 433 4948 480
002941 4442 311 4475 335
002941 6677 373 6732 408
002941 6455 433 6524 469
002941 6354 570 6438 610
003301 4428 316 4465 340
003301 7037 828 7148 931
002541 41 271 83 294
002541 4060 344 4094 363
002541 4678 307 4710 324
002541 5854 881 5983 956
002541 5682 555 5743 605
002541 7522 457 7585 498
002541 6165 601 6240 646
002541 6330 572 6410 635
000401 1304 271 1359 301
000401 3015 468 3069 507
000401 5327 818 5429 904
000401 4172 298 4218 322
000401 6431 206 6467 222
000401 7362 203 7394 221
001541 977 473 1049 541
001541 442 252 488 286
001541 1 197 26 213
001541 3714 262 3741 280
001541 5793 383 5842 408
001541 5354 338 5392 363
001541 6654 362 6706 396
001541 6972 300 7026 330
002781 3679 537 3728 587
002781 4709 448 4777 493
002781 6901 663 6988 745
001941 3070 593 3139 648
001941 5198 612 5259 675
001941 7267 506 7336 555
000361 1245 301 1304 329
000361 5309 667 5390 735
000361 5138 574 5195 638
000361 4735 388 4793 425
000361 7506 372 7563 407
003361 6750 310 6809 343
003561 1 418 33 449
003561 285 159 315 175
003561 4923 288 4972 315
003561 8157 422 8190 453
002381 276 306 330 327
002381 4347 284 4390 310
002381 5000 528 5077 578
002381 6886 957 7053 1076
002661 409 383 455 410
002661 1721 309 1759 337
002661 4284 282 4320 305
002661 8033 478 8117 514
002261 641 179 681 196
002261 3395 300 3437 323
002261 7502 288 7555 318
000561 1499 378 1541 414
000561 1006 236 1045 256
000561 2761 212 2801 228
000561 2329 246 2368 262
000561 5584 483 5629 516
000561 5455 463 5494 502
000561 5702 492 5750 520
000561 6273 526 6345 563
000561 6513 509 6576 541
000561 6722 659 6826 712
000561 7157 571 7242 626
000561 7402 523 7471 581
000561 7641 398 7697 454
000561 7726 345 7778 385
000561 7913 249 7944 272
001461 526 180 568 202
001461 332 223 385 244
001461 3351 443 3424 486
001461 3712 240 3744 256
001461 3934 137 3977 157
001461 3965 211 3997 227
001461 4405 260 4447 283
000081 291 227 327 246
000081 1091 278 1122 306
000081 738 205 762 221
000081 3154 318 3190 344
000081 5043 462 5092 490
000081 5288 546 5330 586
000081 8118 265 8162 287
000241 1155 481 1212 531
000241 1320 496 1384 547
000241 1430 526 1507 577
000241 1617 536 1689 587
000241 1809 589 1902 641
000241 2049 618 2103 650
000241 3090 408 3141 439
000241 4889 457 4957 500
000001 519 327 602 361
000001 1440 376 1478 401
000001 1204 302 1244 326
000001 1253 349 1289 374
000001 3 324 20 348
000001 3610 301 3649 321
000001 6223 536 6303 593
000001 6776 511 6840 560
000001 6997 457 7056 496
000001 7115 415 7160 451
000001 8161 323 8191 347
000001 7640 223 7672 243
000161 507 227 561 243
000161 4411 219 4452 239
000161 6806 617 6891 705
000161 8124 154 8167 177
000481 2537 695 2637 756
000481 3101 543 3160 602
000481 3650 256 3689 277
000481 4619 542 4675 592
002701 1846 567 1932 620
002701 5815 406 5860 442
000961 813 373 853 412
000961 1748 323 1802 354
000961 2259 395 2329 431
000961 2639 379 2707 404
000961 2738 373 2797 408
000961 2818 351 2873 388
000961 2881 332 2929 363
000961 2949 322 3003 358
000961 2762 546 2822 619
000961 3761 236 3807 255
000961 4962 641 5030 708
000961 4477 348 4515 375
000961 7085 498 7155 556
000961 6921 748 7034 868
001861 4203 281 4233 297
001861 5987 466 6035 510
001861 6755 526 6827 590
003641 1 351 24 374
003641 4564 681 4657 724
003641 4316 389 4365 416
003641 4098 245 4116 270
003641 5691 909 5827 1018
003641 6038 645 6102 728
003641 4291 190 4328 206
003641 8161 351 8190 376
002401 717 423 756 469
002401 251 298 294 324
002401 278 155 326 174
002401 3470 557 3556 610
002401 4854 481 4921 522
002401 4481 427 4520 457
002401 6339 813 6450 869
002401 7068 489 7112 530
002401 8117 288 8163 310
